{
 "cells": [
  {
   "cell_type": "code",
   "execution_count": 39,
   "id": "045771ec",
   "metadata": {},
   "outputs": [],
   "source": [
    "import numpy as np\n",
    "from numpy import linalg as li\n",
    "import math"
   ]
  },
  {
   "cell_type": "code",
   "execution_count": 40,
   "id": "1caea1d7",
   "metadata": {},
   "outputs": [],
   "source": [
    "#Сумма всех внедиагональных элементов\n",
    "def sum_all(A):\n",
    "    n = len(A)\n",
    "    sum = 0\n",
    "    for i in range (n):\n",
    "        for j in range (n):\n",
    "            if i != j:\n",
    "                sum +=A[i][j]\n",
    "    return sum"
   ]
  },
  {
   "cell_type": "code",
   "execution_count": 41,
   "id": "b2f8ae09",
   "metadata": {},
   "outputs": [],
   "source": [
    "#Печать диагональных элементов\n",
    "def dial_el(A):\n",
    "    n = len(A)\n",
    "    sum = 0\n",
    "    ans = np.zeros(n)\n",
    "    for i in range (n):\n",
    "        for j in range (n):\n",
    "            if i == j:\n",
    "                ans[i] = (A[i][j])\n",
    "    return ans"
   ]
  },
  {
   "cell_type": "code",
   "execution_count": 42,
   "id": "f2910bea",
   "metadata": {},
   "outputs": [],
   "source": [
    "def matrix_rotate(A, k, l):\n",
    "    x = 2 * A[k][l] / (A[k][k] - A[l][l])\n",
    "    fi = 1 / 2 * math.atan(x)\n",
    "    cos = math.cos(fi)\n",
    "    sin = math.sin(fi)\n",
    "    H = np.eye(len(A))\n",
    "    H[k][k] = cos\n",
    "    H[k][l] = -sin\n",
    "    H[l][k] = sin\n",
    "    H[l][l] = cos\n",
    "    return H"
   ]
  },
  {
   "cell_type": "markdown",
   "id": "807e66ce",
   "metadata": {},
   "source": [
    "Метод Якоби с обнулением максимального элемента"
   ]
  },
  {
   "cell_type": "code",
   "execution_count": 43,
   "id": "086e2539",
   "metadata": {},
   "outputs": [],
   "source": [
    "def jacobi_max_el(A_, e):\n",
    "    A = A_.copy() \n",
    "    N = len(A)\n",
    "    max_el = 0\n",
    "    count = 1\n",
    "\n",
    "    for i in range(N-1):\n",
    "        for j in range(i+1,N):\n",
    "            if abs(A[i,j]) >= max_el:\n",
    "                max_el = abs(A[i,j])\n",
    "                k = i\n",
    "                l = j  \n",
    "    vector = matrix_rotate(A, k, l)\n",
    "    H = matrix_rotate(A, k, l)\n",
    "    A = np.matmul(np.matmul(H.transpose(), A), H)\n",
    "    max_el = 0\n",
    "    for i in range(N-1):\n",
    "            for j in range(i+1,N):\n",
    "                if abs(A[i,j]) >= max_el:\n",
    "                    max_el = abs(A[i,j])\n",
    "                    k = i\n",
    "                    l = j\n",
    "    while max_el > e:\n",
    "        count+=1\n",
    "        H = matrix_rotate(A, k, l)\n",
    "        A = np.matmul(np.matmul(H.transpose(), A), H)\n",
    "        vector = vector.dot(H)\n",
    "        max_el = 0\n",
    "        for i in range(N-1):\n",
    "            for j in range(i+1,N):\n",
    "                if abs(A[i,j]) >= max_el:\n",
    "                    max_el = abs(A[i,j])\n",
    "                    k = i\n",
    "                    l = j\n",
    "    ans = dial_el(A)\n",
    "    return count, ans, vector"
   ]
  },
  {
   "cell_type": "markdown",
   "id": "609c4222",
   "metadata": {},
   "source": [
    "Метод Якоби с циклическим обнулением элементов"
   ]
  },
  {
   "cell_type": "code",
   "execution_count": 47,
   "id": "470a80fe",
   "metadata": {},
   "outputs": [],
   "source": [
    "def jacobi_cycle(A_, e):\n",
    "    A = A_.copy() \n",
    "    N = len(A)\n",
    "    count = 1\n",
    "    k = 0\n",
    "    l = 1\n",
    "    summ = 0\n",
    "    vector = matrix_rotate(A, k, l)\n",
    "    \n",
    "    H = matrix_rotate(A, k, l)\n",
    "    A = np.matmul(np.matmul(H.transpose(), A), H)\n",
    "    summ = sum_all(A)\n",
    "    k = 0\n",
    "    l = 2\n",
    "    while summ > e:\n",
    "        count+=1\n",
    "        \n",
    "        H = matrix_rotate(A, k, l)\n",
    "        A = np.matmul(np.matmul(H.transpose(), A), H)\n",
    "        vector = vector.dot(H)\n",
    "        \n",
    "        if l < N - 1 and l + 1 != k:\n",
    "            l += 1\n",
    "        elif l < N - 2 and l + 1 == k:\n",
    "            l += 2\n",
    "        elif l < N - 1 and l + 1 == k and l + 1 == N - 1 and k < N - 1:\n",
    "            k += 1\n",
    "            l = 0\n",
    "        elif k < N - 1:\n",
    "            k +=1\n",
    "            l = 0\n",
    "        else:\n",
    "            k = 0\n",
    "            l = 1    \n",
    "\n",
    "        summ = sum_all(A)\n",
    "    ans = dial_el(A)\n",
    "    return count, ans, vector"
   ]
  },
  {
   "cell_type": "markdown",
   "id": "e536cf47",
   "metadata": {},
   "source": [
    "Допустимый диапазон собственных чисел"
   ]
  },
  {
   "cell_type": "code",
   "execution_count": 48,
   "id": "c92cbee7",
   "metadata": {},
   "outputs": [],
   "source": [
    "def gershgorin_circle(A):\n",
    "    i = 0\n",
    "    left = 100000\n",
    "    right = -100000\n",
    "    for row in A: \n",
    "        centre = row[i] \n",
    "        radius = np.sum(np.absolute(row))-np.absolute(row[i])\n",
    "        if centre + radius > right:\n",
    "            right = centre + radius\n",
    "        if centre - radius < left:\n",
    "            left = centre - radius\n",
    "        return left, right"
   ]
  },
  {
   "cell_type": "code",
   "execution_count": 56,
   "id": "cbdd8453",
   "metadata": {},
   "outputs": [
    {
     "name": "stdout",
     "output_type": "stream",
     "text": [
      "Допустимый диапозон собственых значений: [ -0.2833333333333332 , 2.283333333333333 ]\n",
      "\n",
      "Количество итераций:  24\n",
      "Собственные числа:  [1.56705069e+00 2.08534219e-01 3.05898013e-04 3.28795815e-06\n",
      " 1.14074916e-02]\n",
      "Собственные векторы: [[ 0.76785473 -0.60187171  0.04716094 -0.00618627  0.21421283]\n",
      " [ 0.44579108  0.27591402 -0.43263259  0.11682232 -0.72410176]\n",
      " [ 0.3215783   0.42487637  0.66719715 -0.50636605 -0.12045269]\n",
      " [ 0.25343894  0.44390532  0.23325499  0.76711959  0.30957458]\n",
      " [ 0.20982262  0.42901053 -0.55771405 -0.37607876  0.56519398]]\n",
      "\n",
      "Количество итераций:  21\n",
      "Собственные числа:  [1.56703002e+00 2.08524842e-01 1.12361926e-05 1.14269989e-02\n",
      " 3.08491833e-04]\n",
      "Собственные векторы: [[ 0.76863679 -0.60184064  0.00653631  0.21099992 -0.04921014]\n",
      " [ 0.44303679  0.27436135 -0.10475935 -0.7265385   0.43544408]\n",
      " [ 0.32146099  0.43015099  0.49441283 -0.11649131 -0.6735122 ]\n",
      " [ 0.2543201   0.44006594 -0.77620909  0.30161316 -0.21952722]\n",
      " [ 0.21189622  0.4287491   0.37687949  0.56840138  0.55331359]]\n",
      "\n",
      "\n",
      "Допустимый диапозон собственых значений: [ -0.2833333333333332 , 2.283333333333333 ]\n",
      "\n",
      "Количество итераций:  30\n",
      "Собственные числа:  [1.56705069e+00 2.08534219e-01 3.05898040e-04 3.28792877e-06\n",
      " 1.14074916e-02]\n",
      "Собственные векторы: [[ 0.76785474 -0.60187148  0.04716181 -0.00617386  0.21421362]\n",
      " [ 0.44579106  0.27591342 -0.43266733  0.11669275 -0.72410213]\n",
      " [ 0.32157829  0.42487662  0.66735044 -0.50616366 -0.12045328]\n",
      " [ 0.25343894  0.44390304  0.23302452  0.76719119  0.30957397]\n",
      " [ 0.20982264  0.42901335 -0.55759995 -0.37624555  0.56519341]]\n",
      "\n",
      "Количество итераций:  21\n",
      "Собственные числа:  [1.56703002e+00 2.08524842e-01 1.12361926e-05 1.14269989e-02\n",
      " 3.08491833e-04]\n",
      "Собственные векторы: [[ 0.76863679 -0.60184064  0.00653631  0.21099992 -0.04921014]\n",
      " [ 0.44303679  0.27436135 -0.10475935 -0.7265385   0.43544408]\n",
      " [ 0.32146099  0.43015099  0.49441283 -0.11649131 -0.6735122 ]\n",
      " [ 0.2543201   0.44006594 -0.77620909  0.30161316 -0.21952722]\n",
      " [ 0.21189622  0.4287491   0.37687949  0.56840138  0.55331359]]\n"
     ]
    }
   ],
   "source": [
    "A = np.array([[1, 1/2, 1/3, 1/4, 1/5],\n",
    "              [1/2, 1/3, 1/4, 1/5, 1/6],\n",
    "              [1/3, 1/4, 1/5, 1/6, 1/7],\n",
    "              [1/4, 1/5, 1/6, 1/7, 1/8],\n",
    "              [1/5, 1/6, 1/7, 1/8, 1/9]])\n",
    "e = 1.0e-5\n",
    "l, r = gershgorin_circle(A)\n",
    "print(\"Допустимый диапозон собственых значений: [\",l,\",\", r,\"]\\n\")\n",
    "count1, w1, v1 = jacobi_max_el(A, e)\n",
    "print(\"Количество итераций: \", count1)\n",
    "print(\"Собственные числа: \", w1)\n",
    "print(\"Собственные векторы:\", v1)\n",
    "count, w, v = jacobi_cycle(A, e)\n",
    "print()\n",
    "print(\"Количество итераций: \", count)\n",
    "print(\"Собственные числа: \", w)\n",
    "print(\"Собственные векторы:\", v)\n",
    "\n",
    "\n",
    "print()\n",
    "print()\n",
    "e = 1.0e-10\n",
    "l, r = gershgorin_circle(A)\n",
    "print(\"Допустимый диапозон собственых значений: [\",l,\",\", r,\"]\\n\")\n",
    "count1, w1, v1 = jacobi_max_el(A, e)\n",
    "print(\"Количество итераций: \", count1)\n",
    "print(\"Собственные числа: \", w1)\n",
    "print(\"Собственные векторы:\", v1)\n",
    "count, w, v = jacobi_cycle(A, e)\n",
    "print()\n",
    "print(\"Количество итераций: \", count)\n",
    "print(\"Собственные числа: \", w)\n",
    "print(\"Собственные векторы:\", v)"
   ]
  },
  {
   "cell_type": "code",
   "execution_count": 57,
   "id": "269db062",
   "metadata": {},
   "outputs": [
    {
     "name": "stdout",
     "output_type": "stream",
     "text": [
      "Допустимый диапозон собственых значений: [ -6 , 8 ]\n",
      "\n",
      "Количество итераций:  7\n",
      "Собственные числа:  [-6.48851243  1.66617063 10.82234179]\n",
      "Собственные векторы: [[ 0.62726819 -0.57346466  0.52694677]\n",
      " [ 0.39526576  0.8174105   0.41905257]\n",
      " [-0.67104366 -0.05457433  0.73940655]]\n",
      "\n",
      "Количество итераций:  5\n",
      "Собственные числа:  [-6.44600931  1.62386541 10.8221439 ]\n",
      "Собственные векторы: [[ 0.66711565 -0.52912404  0.52438961]\n",
      " [ 0.33528792  0.84185848  0.42291407]\n",
      " [-0.66523584 -0.1063111   0.73902587]]\n",
      "\n",
      "\n",
      "Допустимый диапозон собственых значений: [ -6 , 8 ]\n",
      "\n",
      "Количество итераций:  9\n",
      "Собственные числа:  [-6.48851243  1.66617063 10.82234179]\n",
      "Собственные векторы: [[ 0.62726819 -0.57346521  0.52694618]\n",
      " [ 0.39526576  0.81741006  0.41905342]\n",
      " [-0.67104366 -0.0545751   0.73940649]]\n",
      "\n",
      "Количество итераций:  5\n",
      "Собственные числа:  [-6.44600931  1.62386541 10.8221439 ]\n",
      "Собственные векторы: [[ 0.66711565 -0.52912404  0.52438961]\n",
      " [ 0.33528792  0.84185848  0.42291407]\n",
      " [-0.66523584 -0.1063111   0.73902587]]\n"
     ]
    }
   ],
   "source": [
    "A = np.array([[1, 0, 7],\n",
    "              [0, 2, 5],\n",
    "              [7, 5, 3]])\n",
    "e = 1.0e-5\n",
    "l, r = gershgorin_circle(A)\n",
    "print(\"Допустимый диапозон собственых значений: [\",l,\",\", r,\"]\\n\")\n",
    "count1, w1, v1 = jacobi_max_el(A, e)\n",
    "print(\"Количество итераций: \", count1)\n",
    "print(\"Собственные числа: \", w1)\n",
    "print(\"Собственные векторы:\", v1)\n",
    "count, w, v = jacobi_cycle(A, e)\n",
    "print()\n",
    "print(\"Количество итераций: \", count)\n",
    "print(\"Собственные числа: \", w)\n",
    "print(\"Собственные векторы:\", v)\n",
    "\n",
    "\n",
    "print()\n",
    "print()\n",
    "e = 1.0e-10\n",
    "l, r = gershgorin_circle(A)\n",
    "print(\"Допустимый диапозон собственых значений: [\",l,\",\", r,\"]\\n\")\n",
    "count1, w1, v1 = jacobi_max_el(A, e)\n",
    "print(\"Количество итераций: \", count1)\n",
    "print(\"Собственные числа: \", w1)\n",
    "print(\"Собственные векторы:\", v1)\n",
    "count, w, v = jacobi_cycle(A, e)\n",
    "print()\n",
    "print(\"Количество итераций: \", count)\n",
    "print(\"Собственные числа: \", w)\n",
    "print(\"Собственные векторы:\", v)"
   ]
  },
  {
   "cell_type": "code",
   "execution_count": 58,
   "id": "6c854b4f",
   "metadata": {},
   "outputs": [
    {
     "name": "stdout",
     "output_type": "stream",
     "text": [
      "Допустимый диапозон собственых значений: [ -0.5928571428571425 , 2.5928571428571425 ]\n",
      "\n",
      "Количество итераций:  43\n",
      "Собственные числа:  [1.66088534e+00 2.71920198e-01 1.00855961e-03 2.26279644e-07\n",
      " 2.93975172e-05 2.79783121e-07 2.12897549e-02]\n",
      "Собственные векторы: [[ 0.73322536 -0.62323822  0.07525525 -0.00152695 -0.0157357   0.00146848\n",
      "   0.26084332]\n",
      " [ 0.43635978  0.16307078 -0.52781022  0.045809    0.22630946 -0.03810453\n",
      "  -0.67055801]\n",
      " [ 0.31977939  0.32151004  0.42925521 -0.29875517 -0.62875506  0.19572037\n",
      "  -0.29532754]\n",
      " [ 0.25488553  0.35737195  0.45823321  0.70646109  0.20533781 -0.23570973\n",
      "   0.02304397]\n",
      " [ 0.21284385  0.35707697  0.17047292 -0.62751408  0.49479081 -0.32393004\n",
      "   0.23368778]\n",
      " [ 0.18314277  0.34456586 -0.18138399  0.07848429  0.18432294  0.79960353\n",
      "   0.36787553]\n",
      " [ 0.16093925  0.3281296  -0.50946457  0.09809985 -0.4819201  -0.40047955\n",
      "   0.45235047]]\n",
      "\n",
      "Количество итераций:  43\n",
      "Собственные числа:  [1.66074074e+00 2.71836283e-01 4.61007004e-05 2.14341913e-02\n",
      " 2.87950847e-05 1.03074629e-03 1.68972829e-05]\n",
      "Собственные векторы: [[ 0.73496322 -0.62697579  0.01284952  0.24641765 -0.01174727 -0.07537931\n",
      "   0.00485921]\n",
      " [ 0.43216709  0.17278004 -0.15837605 -0.67115482  0.16184628  0.52562364\n",
      "  -0.07329708]\n",
      " [ 0.31872773  0.33034097  0.57477564 -0.29278798 -0.42645125 -0.42639501\n",
      "   0.09758207]\n",
      " [ 0.25109355  0.34716235 -0.70555116  0.02242234  0.03211446 -0.47147826\n",
      "   0.3078994 ]\n",
      " [ 0.21313625  0.3547914   0.29072716  0.24232223  0.76726387 -0.16764044\n",
      "  -0.26202386]\n",
      " [ 0.18840558  0.34178252 -0.18980141  0.36683197 -0.4418334   0.18676728\n",
      "  -0.66857984]\n",
      " [ 0.16583609  0.3235882   0.16135545  0.4575109  -0.08285642  0.50094706\n",
      "   0.61206545]]\n",
      "\n",
      "\n",
      "Допустимый диапозон собственых значений: [ -0.5928571428571425 , 2.5928571428571425 ]\n",
      "\n",
      "Количество итераций:  67\n",
      "Собственные числа:  [1.66088534e+00 2.71920198e-01 1.00858761e-03 3.49389860e-09\n",
      " 2.93863681e-05 4.85676336e-07 2.12897549e-02]\n",
      "Собственные векторы: [[ 7.33225603e-01 -6.23238512e-01  7.51872792e-02 -2.45095559e-04\n",
      "  -1.59939456e-02  2.46872747e-03  2.60842644e-01]\n",
      " [ 4.36359150e-01  1.63071523e-01 -5.26777549e-01  9.83864339e-03\n",
      "   2.27902291e-01 -6.17967890e-02 -6.70558490e-01]\n",
      " [ 3.19779114e-01  3.21514146e-01  4.25656183e-01 -9.51956244e-02\n",
      "  -6.28753422e-01  3.48674914e-01 -2.95329507e-01]\n",
      " [ 2.54885556e-01  3.57367406e-01  4.61676123e-01  3.71320009e-01\n",
      "   2.00365626e-01 -6.44686720e-01  2.30466324e-02]\n",
      " [ 2.12844075e-01  3.57068305e-01  1.71195539e-01 -6.82529526e-01\n",
      "   4.97015016e-01  1.74388446e-01  2.33687618e-01]\n",
      " [ 1.83143116e-01  3.44569979e-01 -1.82664477e-01  5.91034864e-01\n",
      "   1.84870915e-01  5.43628283e-01  3.67875851e-01]\n",
      " [ 1.60939670e-01  3.28134700e-01 -5.09754877e-01 -1.94405815e-01\n",
      "  -4.80755976e-01 -3.64742183e-01  4.52348558e-01]]\n",
      "\n",
      "Количество итераций:  43\n",
      "Собственные числа:  [1.66074074e+00 2.71836283e-01 4.61007004e-05 2.14341913e-02\n",
      " 2.87950847e-05 1.03074629e-03 1.68972829e-05]\n",
      "Собственные векторы: [[ 0.73496322 -0.62697579  0.01284952  0.24641765 -0.01174727 -0.07537931\n",
      "   0.00485921]\n",
      " [ 0.43216709  0.17278004 -0.15837605 -0.67115482  0.16184628  0.52562364\n",
      "  -0.07329708]\n",
      " [ 0.31872773  0.33034097  0.57477564 -0.29278798 -0.42645125 -0.42639501\n",
      "   0.09758207]\n",
      " [ 0.25109355  0.34716235 -0.70555116  0.02242234  0.03211446 -0.47147826\n",
      "   0.3078994 ]\n",
      " [ 0.21313625  0.3547914   0.29072716  0.24232223  0.76726387 -0.16764044\n",
      "  -0.26202386]\n",
      " [ 0.18840558  0.34178252 -0.18980141  0.36683197 -0.4418334   0.18676728\n",
      "  -0.66857984]\n",
      " [ 0.16583609  0.3235882   0.16135545  0.4575109  -0.08285642  0.50094706\n",
      "   0.61206545]]\n"
     ]
    }
   ],
   "source": [
    "A = np.array([[1, 1/2, 1/3, 1/4, 1/5, 1/6, 1/7],\n",
    "              [1/2, 1/3, 1/4, 1/5, 1/6, 1/7, 1/8],\n",
    "              [1/3, 1/4, 1/5, 1/6, 1/7, 1/8, 1/9],\n",
    "              [1/4, 1/5, 1/6, 1/7, 1/8, 1/9, 1/10],\n",
    "              [1/5, 1/6, 1/7, 1/8, 1/9, 1/10, 1/11],\n",
    "              [1/6, 1/7, 1/8, 1/9, 1/10, 1/11, 1/12],\n",
    "              [1/7, 1/8, 1/9, 1/10, 1/11, 1/12, 1/13]])\n",
    "e = 1.0e-5\n",
    "l, r = gershgorin_circle(A)\n",
    "print(\"Допустимый диапозон собственых значений: [\",l,\",\", r,\"]\\n\")\n",
    "count1, w1, v1 = jacobi_max_el(A, e)\n",
    "print(\"Количество итераций: \", count1)\n",
    "print(\"Собственные числа: \", w1)\n",
    "print(\"Собственные векторы:\", v1)\n",
    "count, w, v = jacobi_cycle(A, e)\n",
    "print()\n",
    "print(\"Количество итераций: \", count)\n",
    "print(\"Собственные числа: \", w)\n",
    "print(\"Собственные векторы:\", v)\n",
    "\n",
    "\n",
    "print()\n",
    "print()\n",
    "e = 1.0e-10\n",
    "l, r = gershgorin_circle(A)\n",
    "print(\"Допустимый диапозон собственых значений: [\",l,\",\", r,\"]\\n\")\n",
    "count1, w1, v1 = jacobi_max_el(A, e)\n",
    "print(\"Количество итераций: \", count1)\n",
    "print(\"Собственные числа: \", w1)\n",
    "print(\"Собственные векторы:\", v1)\n",
    "count, w, v = jacobi_cycle(A, e)\n",
    "print()\n",
    "print(\"Количество итераций: \", count)\n",
    "print(\"Собственные числа: \", w)\n",
    "print(\"Собственные векторы:\", v)"
   ]
  }
 ],
 "metadata": {
  "kernelspec": {
   "display_name": "Python 3 (ipykernel)",
   "language": "python",
   "name": "python3"
  },
  "language_info": {
   "codemirror_mode": {
    "name": "ipython",
    "version": 3
   },
   "file_extension": ".py",
   "mimetype": "text/x-python",
   "name": "python",
   "nbconvert_exporter": "python",
   "pygments_lexer": "ipython3",
   "version": "3.8.12"
  }
 },
 "nbformat": 4,
 "nbformat_minor": 5
}
